1544579343905677028,-0.2699835147,-0.9628238254,-0.008898489982,335918.7246,0.9628642676,-0.2699827552,-0.001309212625,4095244.089,-0.001141897735,-0.008921503865,0.9999595506,18.35643931
1544579343915862929,-0.2700529544,-0.9628037315,-0.008965294941,335918.6523,0.9628448542,-0.2700516174,-0.001382291099,4095244.348,-0.001090217371,-0.009005479895,0.9999588555,18.3561698
1544579343926076659,-0.2701643506,-0.962770864,-0.009137130251,335918.58,0.9628139048,-0.2701597845,-0.001753739651,4095244.608,-0.0007800357007,-0.009271153989,0.9999567177,18.35591693
1544579343936270603,-0.270234866,-0.9627504647,-0.009201082564,335918.5076,0.9627942362,-0.2702285569,-0.001945717476,4095244.867,-0.0006131548582,-0.009384549961,0.9999557762,18.35574744
1544579343946464997,-0.2703030817,-0.962732026,-0.009126346633,335918.4353,0.9627750691,-0.270297185,-0.001896883683,4095245.127,-0.0006406351327,-0.009299352515,0.9999565549,18.35562202
1544579343956662022,-0.2703860308,-0.9627070648,-0.009300633549,335918.3628,0.9627516922,-0.2703809291,-0.001825467492,4095245.386,-0.0007573234894,-0.009447781598,0.999955082,18.35549049
1544579343966870404,-0.2704382973,-0.9626892149,-0.009623038221,335918.2904,0.9627367742,-0.270435179,-0.001648517533,4095245.645,-0.001015398015,-0.009710275049,0.9999523387,18.35532647
1544579343977070179,-0.2704657958,-0.9626802814,-0.009743161572,335918.2179,0.9627287433,-0.2704650892,-0.001415097866,4095245.905,-0.001272898252,-0.009762757266,0.999951533,18.35509249
1544579343987279782,-0.2705123324,-0.9626698926,-0.009473963412,335918.1454,0.9627154825,-0.2705133206,-0.001201323091,4095246.164,-0.001406355731,-0.009445703968,0.9999543994,18.35478639
1544579343997479211,-0.2706100127,-0.9626417867,-0.009540002008,335918.0728,0.9626882203,-0.2706095576,-0.001363050451,4095246.424,-0.001269486401,-0.009552902655,0.9999535642,18.35444726
1544579344007679042,-0.2707049212,-0.9626139801,-0.009652516631,335918.0002,0.9626618153,-0.2707019559,-0.001637249774,4095246.684,-0.00103691561,-0.009735320752,0.9999520731,18.35415621
1544579344017880500,-0.2707876696,-0.9625910363,-0.009619507029,335917.9275,0.9626384778,-0.2707853413,-0.001568451554,4095246.943,-0.001095044087,-0.009684824944,0.9999525014,18.35392273
1544579344028086717,-0.2708350442,-0.9625788962,-0.009499874217,335917.8549,0.9626249415,-0.2708345929,-0.001358447903,4095247.203,-0.001265281283,-0.009512731159,0.9999539525,18.3536736
1544579344038288714,-0.2708777721,-0.9625657001,-0.009617988313,335917.7822,0.9626125696,-0.2708795691,-0.001140168103,4095247.462,-0.001507829821,-0.009567242639,0.9999530961,18.3533778
1544579344048500606,-0.2708986365,-0.9625584113,-0.009758779005,335917.7095,0.9626063335,-0.2709024472,-0.000954424966,4095247.721,-0.001724987335,-0.009652414899,0.9999519266,18.3530128
1544579344058688715,-0.2709408963,-0.9625471246,-0.009698643803,335917.6368,0.9625942992,-0.2709455269,-0.000858301083,4095247.981,-0.001801648916,-0.009568408099,0.9999525987,18.35259329
1544579344068888289,-0.2710525491,-0.9625168295,-0.009584817934,335917.5642,0.962562907,-0.2710570544,-0.0008506181026,4095248.24,-0.001779298277,-0.009456552417,0.9999537028,18.35215107
1544579344079088602,-0.2711167113,-0.9624983186,-0.009628902249,335917.4913,0.9625450365,-0.271120072,-0.0009794839159,4095248.5,-0.001667837049,-0.009533806524,0.9999531614,18.3517234
1544579344089287576,-0.2711340318,-0.9624937109,-0.009601740098,335917.4185,0.9625400731,-0.2711378946,-0.0009219544732,4095248.76,-0.001716020213,-0.009492032848,0.9999534773,18.35132862
1544579344099480704,-0.2711894414,-0.962479381,-0.009472497777,335917.3456,0.9625239442,-0.2711960362,-0.0006057282821,4095249.019,-0.001985902868,-0.009281773036,0.9999549515,18.35092151
1544579344109671896,-0.2712220625,-0.9624704032,-0.009450707774,335917.2728,0.9625140872,-0.2712315414,-0.0002883251419,4095249.278,-0.002285825622,-0.009174639505,0.9999552996,18.35042742
1544579344119875862,-0.2712191218,-0.9624694046,-0.009635003176,335917.2001,0.962514544,-0.2712300121,-0.000182778411,4095249.537,-0.002437383399,-0.009323403688,0.9999535657,18.34986556
1544579344130089787,-0.2712676466,-0.9624569528,-0.009511994106,335917.1272,0.9625005168,-0.2712798467,-7.929012529e-06,4095249.797,-0.002572780969,-0.009157450127,0.99995476,18.34925662
1544579344140288618,-0.2713431788,-0.9624375319,-0.009320767503,335917.0542,0.9624791693,-0.2713555682,6.71570352e-05,4095250.057,-0.002593876612,-0.008952821959,0.9999565585,18.34861243
1544579344150484379,-0.2713720557,-0.9624286716,-0.009394658189,335916.9811,0.962471056,-0.2713843497,3.514698257e-05,4095250.317,-0.002583389667,-0.009032548678,0.9999558687,18.34796701
1544579344160686714,-0.2714009004,-0.9624196877,-0.009481365249,335916.9081,0.9624625016,-0.2714146364,0.0001687621973,4095250.576,-0.002735801362,-0.009079656302,0.9999550367,18.34733365
1544579344170881897,-0.2714540249,-0.9624050833,-0.009442893814,335916.8351,0.9624468941,-0.2714697349,0.0003992056496,4095250.836,-0.002947657427,-0.00897991784,0.9999553353,18.34664485
1544579344181079933,-0.2714829122,-0.9623971962,-0.009416223989,335916.7622,0.9624381843,-0.2715002611,0.0005914255196,4095251.095,-0.003125693533,-0.008901971595,0.9999554916,18.34591013
1544579344191278214,-0.2715070149,-0.9623897147,-0.009485676724,335916.6893,0.9624309646,-0.2715255858,0.0007034623369,4095251.354,-0.003252608846,-0.008938314039,0.9999547626,18.34511962
1544579344201486232,-0.2715473579,-0.9623785819,-0.009460326092,335916.6162,0.9624193321,-0.2715665867,0.0007864217256,4095251.614,-0.003325943891,-0.008891249976,0.999954941,18.34430134
1544579344211689178,-0.2716130927,-0.9623614649,-0.009313378074,335916.543,0.9624006044,-0.2716326597,0.0008804240032,4095251.874,-0.00337710379,-0.008724065999,0.9999562421,18.34345935
1544579344221886758,-0.2716951387,-0.9623385241,-0.009290683725,335916.4699,0.9623776249,-0.2717142145,0.0008324377224,4095252.134,-0.00332549772,-0.008714976853,0.9999564943,18.34260368
1544579344232090980,-0.271721092,-0.9623303904,-0.009373801802,335916.3967,0.9623701635,-0.27174059,0.0008487910035,4095252.393,-0.00336405981,-0.008790432753,0.9999557048,18.34177282
1544579344242289361,-0.2717204858,-0.9623318293,-0.009242730823,335916.3235,0.9623697603,-0.2717413052,0.001052563551,4095252.653,-0.003524547144,-0.008608921566,0.9999567312,18.34092624
1544579344252482150,-0.2717916843,-0.9623124147,-0.00917044204,335916.2503,0.9623494094,-0.2718130091,0.001141302053,4095252.913,-0.00359093458,-0.008514973073,0.9999572994,18.34003155
1544579344262698492,-0.2718595035,-0.9622921739,-0.00928346123,335916.1771,0.962330091,-0.2718813444,0.001153577526,4095253.172,-0.003634078544,-0.008620143076,0.9999562425,18.33912628
1544579344272889588,-0.271832821,-0.9622999535,-0.009258356356,335916.1039,0.962337493,-0.2718549515,0.001198020241,4095253.432,-0.00366978484,-0.008584002222,0.999956423,18.33820737
1544579344283091071,-0.2718503472,-0.9622969504,-0.009053632561,335916.0307,0.9623322786,-0.2718728109,0.001326855312,4095253.691,-0.003738265354,-0.008351896773,0.9999581348,18.33728247
1544579344293286903,-0.2719587409,-0.9622677505,-0.008900548356,335915.9573,0.9623015208,-0.2719812717,0.001404016998,4095253.951,-0.003771822739,-0.008183176522,0.9999594038,18.33633411
1544579344303499867,-0.2719909701,-0.9622571906,-0.009056024926,335915.884,0.9622931115,-0.2720121316,0.001169683679,4095254.211,-0.003588885175,-0.008396407004,0.9999583094,18.33537521
1544579344313689072,-0.2719721549,-0.9622629322,-0.009010913161,335915.8106,0.9622986109,-0.2719928365,0.001131684886,4095254.471,-0.003539882246,-0.008363402439,0.9999587606,18.33447614
1544579344323882735,-0.272024116,-0.962250592,-0.008756644628,335915.7372,0.9622840243,-0.272044256,0.001174574958,4095254.731,-0.003512430321,-0.008106866516,0.9999609701,18.33358431
1544579344334086432,-0.2720737455,-0.9622377437,-0.008625649684,335915.6639,0.9622700729,-0.2720935403,0.00118847947,4095254.99,-0.003490583364,-0.007976850487,0.9999620923,18.33270379
1544579344344291695,-0.2720532942,-0.9622423487,-0.008756012086,335915.5906,0.9622755274,-0.272073999,0.001244477593,4095255.249,-0.003579772265,-0.008087131918,0.9999608911,18.33183032
1544579344354488327,-0.2720741812,-0.9622368263,-0.008713801806,335915.5172,0.9622695556,-0.2720949793,0.001274744485,4095255.509,-0.003597587809,-0.008038201128,0.9999612217,18.33092948
1544579344364687985,-0.2721352562,-0.9622218875,-0.008452327413,335915.4438,0.9622523492,-0.2721555568,0.001330288181,4095255.769,-0.003580380277,-0.007771253593,0.9999633937,18.33002586
1544579344374905593,-0.2721506429,-0.9622177592,-0.008426849003,335915.3703,0.96224876,-0.2721692017,0.001117944697,4095256.029,-0.003369235007,-0.007804475635,0.9999638687,18.32912412
1544579344385113909,-0.2721746931,-0.9622104202,-0.008487871656,335915.2967,0.9622428547,-0.2721911298,0.0008232600489,4095256.289,-0.003102472773,-0.0079433233,0.9999636386,18.32828165
1544579344395288471,-0.2722468865,-0.9621912394,-0.008345772624,335915.2232,0.9622227996,-0.2722622518,0.0007419480324,4095256.549,-0.002986134744,-0.007828499656,0.9999648983,18.32751241
1544579344405481537,-0.2722458257,-0.9621918174,-0.008313672148,335915.1498,0.9622235163,-0.2722600505,0.0006082806023,4095256.808,-0.002848763416,-0.007834008992,0.999965256,18.32677638
1544579344415706730,-0.272238267,-0.9621927756,-0.008449199384,335915.0763,0.9622254942,-0.27225302,0.0006258505146,4095257.067,-0.002902508892,-0.007959654592,0.9999641092,18.3260765
1544579344425905258,-0.272277116,-0.9621813619,-0.008497015836,335915.0026,0.9622142032,-0.272292708,0.0007132447036,4095257.328,-0.002999946212,-0.00798174911,0.9999636455,18.32535888
1544579344436061361,-0.2723059928,-0.9621741041,-0.008392854432,335914.9291,0.9622063208,-0.2723207321,0.0006444817941,4095257.587,-0.002905651956,-0.007900161328,0.9999645718,18.32461793
1544579344446278636,-0.2723280532,-0.9621679064,-0.008387582898,335914.8554,0.9622011351,-0.2723396959,0.0002566980855,4095257.847,-0.002531258435,-0.008000635695,0.9999647908,18.32390368
1544579344456481981,-0.2723725372,-0.962154782,-0.008448477087,335914.7819,0.9621894241,-0.2723811559,-0.0001352935398,4095258.107,-0.002171032628,-0.008165885547,0.999964302,18.32329419
1544579344466675760,-0.2723917724,-0.9621503261,-0.008335022712,335914.7082,0.9621842826,-0.2723992386,-0.0002478565661,4095258.367,-0.002031978564,-0.008087341937,0.9999652325,18.32277728
1544579344476870179,-0.2723954968,-0.962149332,-0.008328044364,335914.6346,0.9621834034,-0.2724022515,-0.0003340388019,4095258.626,-0.001947182825,-0.008104096735,0.9999652654,18.32231747
1544579344487076250,-0.2723969721,-0.9621472384,-0.008519467306,335914.5612,0.9621827708,-0.2724045461,-0.0002807156054,4095258.886,-0.00205065188,-0.008273750739,0.9999636693,18.32199122
1544579344497288257,-0.2723369503,-0.9621631527,-0.008640204766,335914.4879,0.9621995299,-0.2723454109,-0.0002044314319,4095259.145,-0.002156423727,-0.008369275197,0.9999626519,18.32163517
1544579344507488430,-0.2722700565,-0.962183824,-0.008444243577,335914.4144,0.9622183016,-0.2722791478,-7.574812767e-05,4095259.404,-0.002226307822,-0.008145829659,0.9999643439,18.32123788
1544579344517685019,-0.2722807688,-0.9621813355,-0.008382158775,335914.341,0.9622158299,-0.2722876993,-0.0003249496397,4095259.663,-0.001969698249,-0.0081539234,0.9999648163,18.3208251
1544579344527888658,-0.2722746764,-0.9621825246,-0.0084433394,335914.2676,0.9622181504,-0.2722788646,-0.0006715609316,4095259.923,-0.001652778672,-0.008307183456,0.9999641289,18.32048138
1544579344538088695,-0.2722328095,-0.9621947657,-0.008398236984,335914.194,0.962230288,-0.2722354841,-0.0008450426954,4095260.183,-0.001473202452,-0.008311086339,0.9999643772,18.3202201
1544579344548282003,-0.2722110059,-0.9622019459,-0.00828152652,335914.1205,0.9622364828,-0.2722136338,-0.0008298888178,4095260.442,-0.001455823792,-0.008194691821,0.9999653632,18.3200001
1544579344558480407,-0.2721857543,-0.962208967,-0.008295725353,335914.0472,0.9622436123,-0.2721884478,-0.0008243207492,4095260.701,-0.00146483179,-0.008206877095,0.9999652502,18.31977925
1544579344568684956,-0.2721343019,-0.9622223449,-0.008430944786,335913.9737,0.9622581593,-0.2721369113,-0.000858209769,4095260.961,-0.001468582657,-0.008346293726,0.9999640907,18.31955451
1544579344578888602,-0.2721088689,-0.9622296565,-0.008417342483,335913.9004,0.9622653209,-0.2721116639,-0.0008334161442,4095261.22,-0.001488519338,-0.008326496689,0.9999642263,18.31932026
1544579344589101509,-0.2721182265,-0.962228454,-0.008250653092,335913.8271,0.9622628851,-0.2721199482,-0.0009348006824,4095261.479,-0.001345675477,-0.008193673552,0.9999655259,18.31907389
1544579344599321596,-0.2720891998,-0.9622368361,-0.00823034909,335913.7536,0.9622714506,-0.2720885004,-0.00122610259,4095261.739,-0.001059582264,-0.00825343923,0.9999653785,18.31886949
1544579344609502317,-0.2720523787,-0.9622472779,-0.008226754855,335913.6801,0.9622820565,-0.2720500057,-0.001427660947,4095261.999,-0.0008643258446,-0.008304857136,0.9999651406,18.31874286
1544579344619680852,-0.272054016,-0.9622472192,-0.00817933939,335913.6067,0.9622816408,-0.2720512475,-0.001470606671,4095262.258,-0.0008101123048,-0.008270912579,0.9999654673,18.31866117
1544579344629876004,-0.2720416888,-0.9622497403,-0.008291978957,335913.5334,0.9622851234,-0.2720387712,-0.00149941173,4095262.517,-0.0008129312189,-0.008387150493,0.9999644969,18.31858933
1544579344640086219,-0.272002947,-0.9622597217,-0.00840386069,335913.46,0.9622960159,-0.2720004486,-0.001460781704,4095262.777,-0.0008802024813,-0.008484338588,0.99996362,18.31851469
1544579344650291350,-0.2719778523,-0.9622671,-0.008371157094,335913.3867,0.9623030004,-0.2719763815,-0.001335464025,4095263.036,-0.0009916839214,-0.008418806225,0.9999640696,18.31841441
1544579344660484775,-0.2719779385,-0.9622669856,-0.00838149837,335913.3132,0.9623029711,-0.2719764947,-0.001333490152,4095263.296,-0.0009963969983,-0.008428220686,0.9999639856,18.3182744
1544579344670690812,-0.2719806134,-0.9622651542,-0.008504055259,335913.2397,0.9623023729,-0.271977515,-0.001540947625,4095263.556,-0.0008301116121,-0.008602580434,0.9999626527,18.31813187
1544579344680889180,-0.2719669446,-0.9622685911,-0.008552181226,335913.1663,0.962306338,-0.271962616,-0.001687423395,4095263.815,-0.0007021190464,-0.008688741582,0.9999620058,18.31804188
1544579344691086020,-0.2719396759,-0.9622770681,-0.008465050903,335913.0929,0.9623140214,-0.2719357735,-0.001630733848,4095264.075,-0.0007327323788,-0.008589498409,0.9999628412,18.31797873
1544579344701287708,-0.2719285088,-0.9622800537,-0.008484365574,335913.0194,0.9623170944,-0.2719254814,-0.0015305395,4095264.335,-0.00083430756,-0.00858084735,0.9999628359,18.31790102
1544579344711482511,-0.2719205424,-0.9622806651,-0.008668355174,335912.946,0.9623192014,-0.2719186018,-0.001424290837,4095264.594,-0.0009865194847,-0.008729018565,0.9999614149,18.31779305
1544579344721683691,-0.2719064622,-0.9622834895,-0.008795551942,335912.8726,0.9623229298,-0.2719063466,-0.001231908429,4095264.854,-0.001206121253,-0.008799125175,0.9999605597,18.31764051
1544579344731888436,-0.2719225813,-0.9622790927,-0.008778245462,335912.7991,0.9623181436,-0.271924056,-0.001048014265,4095265.114,-0.001378533895,-0.008732443621,0.9999609214,18.31741887
1544579344742098723,-0.2719164029,-0.9622806121,-0.008803041761,335912.7256,0.9623199063,-0.2719177431,-0.001067253382,4095265.374,-0.00136670601,-0.008761546023,0.999960683,18.3171454
1544579344752304555,-0.2718840834,-0.9622890273,-0.008881058836,335912.6521,0.9623291336,-0.2718847022,-0.001160766061,4095265.634,-0.001297631593,-0.008862095471,0.999959889,18.31687895
1544579344762490600,-0.271905354,-0.9622832655,-0.008854127666,335912.5786,0.9623229698,-0.2719070091,-0.001039416852,4095265.894,-0.001407285929,-0.008803153437,0.9999602613,18.31663289
1544579344772696778,-0.2719306115,-0.9622758602,-0.008883220289,335912.505,0.9623155044,-0.2719341466,-0.0008306428618,4095266.154,-0.001616343354,-0.008774337833,0.9999601985,18.31634684
1544579344782889755,-0.2718984161,-0.9622833125,-0.009059692546,335912.4316,0.9623242415,-0.2719036683,-0.000670490426,4095266.413,-0.001818161888,-0.008900667041,0.9999587355,18.31600062
1544579344793085739,-0.2718705427,-0.9622906719,-0.009114331037,335912.3582,0.9623314676,-0.2718786841,-0.0003573248819,4095266.673,-0.002134141928,-0.008868153672,0.9999583999,18.31560102
1544579344803296599,-0.2718776784,-0.9622885574,-0.009124716087,335912.2846,0.9623290478,-0.2718874251,-0.000178555513,4095266.933,-0.002309073634,-0.0088295246,0.9999583531,18.31510101
1544579344813493599,-0.2718777012,-0.9622886277,-0.009116622355,335912.2112,0.9623289108,-0.2718879422,-0.0001203619931,4095267.193,-0.002362876714,-0.008805913002,0.9999584356,18.31455648
1544579344823692603,-0.2718838076,-0.9622860087,-0.00921047572,335912.1376,0.9623273733,-0.2718933153,-0.0002277030475,4095267.453,-0.002285151322,-0.008925401676,0.9999575569,18.31399135
1544579344833892415,-0.2718941458,-0.9622844677,-0.009065148511,335912.064,0.962324368,-0.2719040058,-0.0001500820142,4095267.713,-0.002320428602,-0.008764419731,0.9999588996,18.31344974
1544579344844083857,-0.271858293,-0.9622955678,-0.008961517722,335911.9905,0.9623340578,-0.2718697437,6.194905369e-05,4095267.973,-0.002495978826,-0.008607132348,0.999959843,18.31289509
1544579344854290212,-0.2718292261,-0.9623027156,-0.009074996101,335911.9172,0.9623417982,-0.2718422678,0.0002122552622,4095268.233,-0.002671221335,-0.008675550882,0.999958799,18.31228709
1544579344864504372,-0.2718296889,-0.9623026749,-0.00906544675,335911.8438,0.9623413331,-0.2718437876,0.0003374064065,4095268.492,-0.002789072467,-0.008632337031,0.9999588512,18.31162804
1544579344874690295,-0.2718107771,-0.9623087604,-0.008986166076,335911.7703,0.9623458567,-0.2718272299,0.0006398156465,4095268.752,-0.003058384833,-0.008473890901,0.999959419,18.31093557
1544579344884907383,-0.271819236,-0.962306579,-0.008963881628,335911.6968,0.9623433095,-0.2718361061,0.0006972652752,4095269.012,-0.003107689639,-0.008436801396,0.9999595806,18.31016108
1544579344895143339,-0.271799094,-0.9623141936,-0.008754737099,335911.6233,0.9623493152,-0.2718149542,0.0006529576161,4095269.272,-0.003008018845,-0.008247641962,0.9999614635,18.30937252
1544579344905295013,-0.2717307051,-0.9623334988,-0.008755626945,335911.5501,0.9623687077,-0.2717463481,0.0006266233946,4095269.531,-0.002982330332,-0.008255868572,0.9999614724,18.30860528
1544579344915487780,-0.2717501928,-0.9623287561,-0.00867167421,335911.4772,0.9623632672,-0.2717656085,0.0006292365909,4095269.789,-0.002962195284,-0.00817430556,0.9999622024,18.30784537
1544579344925685637,-0.2717580655,-0.9623280555,-0.008501031401,335911.4041,0.9623607042,-0.2717742645,0.0007900454598,4095270.048,-0.003070644468,-0.00796635734,0.9999635535,18.30708885
1544579344935901459,-0.2716413603,-0.9623608134,-0.008522682608,335911.3312,0.962393587,-0.271657751,0.0008062143872,4095270.306,-0.003091121924,-0.007983173913,0.9999633563,18.30630314
1544579344946109849,-0.2715962208,-0.9623751226,-0.008343636661,335911.2579,0.9624061657,-0.2716128611,0.0009088491555,4095270.566,-0.003140892843,-0.007783127371,0.9999647783,18.30550813
1544579344956308454,-0.2716792253,-0.96235131,-0.008387776983,335911.1848,0.9623826493,-0.271696123,0.0009236382068,4095270.825,-0.003167790925,-0.007821317722,0.9999643954,18.30469818
1544579344966497898,-0.2716501893,-0.9623595329,-0.008384759547,335911.1118,0.9623914903,-0.2716654355,0.0007145187018,4095271.084,-0.002965473238,-0.007875322095,0.999964592,18.30388354
1544579344976709286,-0.2715529879,-0.9623886088,-0.008193927091,335911.0388,0.9624196848,-0.2715660146,0.0005001183587,4095271.342,-0.002706500335,-0.007750188093,0.9999663042,18.3031246
1544579344986903277,-0.271571928,-0.9623850125,-0.00798596576,335910.9656,0.9624148887,-0.2715832484,0.0003482381626,4095271.601,-0.002503993711,-0.007591240638,0.9999680511,18.3024305
1544579344997100885,-0.2715844463,-0.9623814435,-0.007990352261,335910.8926,0.9624119678,-0.2715938073,8.998184362e-05,4095271.86,-0.002256727049,-0.007665572973,0.9999680726,18.30179408
1544579345007289744,-0.2715475642,-0.9623898993,-0.008222052774,335910.8198,0.9624227214,-0.2715556801,-0.0001340405416,4095272.118,-0.00210374587,-0.007949488788,0.9999661894,18.30122683
1544579345017497656,-0.2715160821,-0.962399156,-0.008178125353,335910.7468,0.9624315651,-0.2715243489,-0.0001031537393,4095272.377,-0.00212128509,-0.007898893882,0.9999665533,18.3006925
1544579345027698542,-0.2714937785,-0.9624064272,-0.00806208215,335910.6738,0.9624380489,-0.2715013365,-0.0001626460884,4095272.636,-0.002032334438,-0.007803412015,0.9999674877,18.30015339
1544579345037905070,-0.271493754,-0.962406522,-0.008051590194,335910.6009,0.9624384988,-0.2714995098,-0.0003902497441,4095272.894,-0.001810423891,-0.007855110747,0.9999675093,18.29963338
1544579345048120332,-0.2714846413,-0.9624076634,-0.00822065399,335910.5278,0.9624417665,-0.2714868021,-0.0008732619801,4095273.153,-0.001391365041,-0.008148977962,0.9999658286,18.2991814
1544579345058307646,-0.2714437653,-0.9624189954,-0.008243766592,335910.4547,0.9624536816,-0.2714433546,-0.001190055794,4095273.412,-0.001092383356,-0.008257276731,0.9999653115,18.29884096
1544579345068500485,-0.2714165785,-0.9624277651,-0.0081140577,335910.3817,0.9624615415,-0.2714147554,-0.001346068768,4095273.671,-0.0009067810293,-0.00817481386,0.9999661746,18.29858011
1544579345078692949,-0.2713916933,-0.9624339476,-0.008212510919,335910.3088,0.9624686582,-0.2713887627,-0.001490496997,4095273.93,-0.0007942782681,-0.008308792868,0.999965166,18.29836575
1544579345088904480,-0.271344151,-0.9624445156,-0.008538516654,335910.2358,0.962482142,-0.2713397776,-0.001688676612,4095274.188,-0.0006915816664,-0.008676382319,0.9999621204,18.29818185
1544579345099102512,-0.2713393723,-0.9624442403,-0.008719483829,335910.1629,0.9624835683,-0.2713335631,-0.001865047012,4095274.447,-0.0005708848613,-0.008898420594,0.9999602454,18.2980199
1544579345109300179,-0.2713606118,-0.9624380857,-0.008737828174,335910.0898,0.9624776905,-0.2713525951,-0.002112956647,4095274.706,-0.0003374424001,-0.008983337888,0.9999595922,18.29789141
1544579345119495450,-0.2713119004,-0.9624509764,-0.008830107392,335910.0168,0.9624914818,-0.2713006894,-0.00246650849,4095274.965,-2.172071886e-05,-0.009168096252,0.999957972,18.29782485
1544579345129696875,-0.2712513986,-0.9624671334,-0.008927260313,335909.9438,0.962508503,-0.2712373503,-0.002771575626,4095275.224,0.0002461440149,-0.009344357724,0.9999563103,18.29785357
1544579345139913229,-0.2712573507,-0.9624649993,-0.008976358672,335909.8709,0.9625067932,-0.2712421397,-0.002893934031,4095275.483,0.0003505434823,-0.009424807077,0.9999555242,18.29794487
1544579345150122095,-0.271241102,-0.9624679452,-0.009149822772,335909.7981,0.9625113523,-0.2712248541,-0.002995894911,4095275.741,0.0004017934734,-0.009619418125,0.9999536517,18.29806679
1544579345160303713,-0.2711691113,-0.9624866259,-0.009317085474,335909.7251,0.9625316339,-0.2711522722,-0.003049476214,4095276,0.0004087311759,-0.009794913258,0.9999519453,18.29819671
1544579345170509875,-0.271136302,-0.9624953528,-0.009370257322,335909.6522,0.962540869,-0.2711191196,-0.003081989294,4095276.259,0.0004259444578,-0.009854894805,0.9999513487,18.29833035
1544579345180713314,-0.2711652811,-0.9624870921,-0.009380188313,335909.5792,0.962532674,-0.2711473871,-0.003153762611,4095276.518,0.0004920422526,-0.009883928662,0.9999510318,18.2984626
1544579345190914606,-0.271151758,-0.9624901113,-0.009460972624,335909.5062,0.9625363379,-0.2711312002,-0.003416259645,4095276.777,0.0007229512633,-0.01003285475,0.9999494084,18.29861037
1544579345201109499,-0.2710777035,-0.96251083,-0.009475286551,335909.4332,0.9625570302,-0.2710550586,-0.003622026728,4095277.036,0.0009179156005,-0.01010235437,0.9999485487,18.29883448
1544579345211312341,-0.2710401831,-0.9625228418,-0.009327291183,335909.3602,0.9625675996,-0.2710181335,-0.003576006638,4095277.295,0.0009141230246,-0.009947389777,0.9999501058,18.29910641
1544579345221514435,-0.2710246764,-0.9625273498,-0.009312672243,335909.2873,0.9625720563,-0.2710037212,-0.003466950472,4095277.554,0.0008132658178,-0.009903747199,0.9999506261,18.29937258
1544579345231704647,-0.2709745661,-0.9625399464,-0.009467640493,335909.2144,0.9625862736,-0.2709545325,-0.003362670072,4095277.813,0.0006714041676,-0.01002461884,0.999949527,18.29961052
1544579345241910685,-0.2709315925,-0.9625515356,-0.009519123897,335909.1413,0.9625984152,-0.2709120978,-0.003305539947,4095278.073,0.0006029067285,-0.01005866878,0.9999492287,18.29980448
1544579345252108702,-0.2709409454,-0.9625497,-0.009438184048,335909.0683,0.962595778,-0.2709216491,-0.003290675325,4095278.332,0.0006104301605,-0.009976734798,0.999950045,18.29998304
1544579345262307297,-0.2709573723,-0.9625451813,-0.009427429361,335908.9955,0.9625910638,-0.2709367748,-0.003421736125,4095278.591,0.0007393383134,-0.01000190388,0.9999497065,18.30015876
1544579345272502832,-0.2709190167,-0.9625562798,-0.009396529386,335908.9225,0.9626017609,-0.2708972979,-0.003536115657,4095278.85,0.000858215911,-0.01000311671,0.9999495994,18.30037712
1544579345282699860,-0.2708778496,-0.9625691125,-0.009267930427,335908.8495,0.9626133369,-0.2708564967,-0.003510278345,4095279.11,0.000868606344,-0.009872290082,0.9999508906,18.30062646
1544579345292902611,-0.2708957423,-0.9625644046,-0.00923384901,335908.7766,0.9626083449,-0.2708750155,-0.00344971433,4095279.368,0.0008193532263,-0.009823093035,0.9999514167,18.30087525
1544579345303101956,-0.2709339486,-0.9625525258,-0.009350447031,335908.7037,0.9625977074,-0.2709143339,-0.00332833181,4095279.628,0.0006705240616,-0.009902476952,0.9999507446,18.30111227
1544579345313323296,-0.2708955015,-0.9625635841,-0.009325983688,335908.6308,0.9626086225,-0.2708775428,-0.003161816517,4095279.887,0.0005172498936,-0.00983379418,0.9999515135,18.30130427
1544579345323509865,-0.2708516098,-0.9625785027,-0.009057136371,335908.5578,0.9626210607,-0.2708365265,-0.002875710162,4095280.146,0.0003150934273,-0.009497480945,0.9999548484,18.30145724
1544579345333704309,-0.2709372661,-0.9625550035,-0.008992402527,335908.4849,0.9625969667,-0.2709227251,-0.002820813583,4095280.405,0.0002789420305,-0.009420322914,0.999955589,18.30154832
1544579345343905535,-0.2710050849,-0.9625348012,-0.009110463888,335908.4119,0.9625778381,-0.2709891182,-0.00296709855,4095280.664,0.0003870990371,-0.009573629426,0.999954097,18.30163222
1544579345354104573,-0.2709449832,-0.9625532654,-0.008945807732,335908.3389,0.9625947819,-0.2709301799,-0.002850238776,4095280.924,0.0003198173429,-0.009383445738,0.9999559235,18.30175134
1544579345364337621,-0.2709485691,-0.9625545953,-0.008690465636,335908.266,0.9625938089,-0.2709358377,-0.002632714389,4095281.183,0.0001795727462,-0.009078718612,0.9999587716,18.30184728
1544579345374535928,-0.271036839,-0.9625292496,-0.008745041248,335908.193,0.9625689745,-0.2710252828,-0.002503130268,4095281.442,3.920882087e-05,-0.0090961459,0.9999586286,18.30190412
1544579345384746884,-0.2710487297,-0.962524139,-0.008936897947,335908.1201,0.9625656066,-0.2710389583,-0.002310064157,4095281.701,-0.0001987549963,-0.009228490547,0.999957397,18.30192388
1544579345394908177,-0.2710430414,-0.9625263605,-0.008869905408,335908.047,0.9625671859,-0.2710342741,-0.002198903967,4095281.96,-0.0002875453418,-0.009133877504,0.9999582441,18.30187557
1544579345405096354,-0.2710758423,-0.9625197548,-0.008579602655,335907.974,0.9625578312,-0.2710701819,-0.001838062035,4095282.22,-0.0005565034328,-0.008756617936,0.9999615054,18.30180641
1544579345415313273,-0.2710973839,-0.9625133137,-0.008621464891,335907.9009,0.9625518016,-0.2710910136,-0.001921423455,4095282.479,-0.0004878059995,-0.008819499433,0.9999609886,18.30166012
1544579345425518361,-0.2711562079,-0.9624944964,-0.00886879536,335907.8277,0.9625351506,-0.2711506569,-0.001845399428,4095282.739,-0.0006285928944,-0.009036918786,0.9999589688,18.30153489
1544579345435699945,-0.271260668,-0.9624671933,-0.008634348177,335907.7547,0.9625056657,-0.2712562303,-0.001703320105,4095282.998,-0.0007027310175,-0.008772652787,0.9999612728,18.30137003
1544579345445909474,-0.2712113313,-0.9624832204,-0.008394310315,335907.6817,0.9625195794,-0.2712071823,-0.001650440444,4095283.257,-0.0006880760142,-0.008527306182,0.9999634053,18.3011855
1544579345456101550,-0.2712166517,-0.9624804008,-0.008544360456,335907.6087,0.9625180325,-0.271212817,-0.001626464068,4095283.516,-0.0007519002812,-0.008665225151,0.9999621737,18.30100436
1544579345466321105,-0.2713362276,-0.9624466874,-0.008545494007,335907.5356,0.9624841941,-0.2713338038,-0.001463898274,4095283.776,-0.0009097573495,-0.008622111548,0.9999624151,18.30082928
1544579345476543854,-0.2713688829,-0.9624371095,-0.008587177531,335907.4621,0.9624749805,-0.2713664611,-0.001468223084,4095284.036,-0.0009171995956,-0.008663373585,0.9999620516,18.3010297
1544579345486741185,-0.2713328305,-0.9624466264,-0.008659467236,335907.3885,0.9624850479,-0.2713311738,-0.001388025177,4095284.297,-0.001013683261,-0.008711224538,0.9999615428,18.30121587
1544579345496916621,-0.271401042,-0.962426402,-0.008768992102,335907.3146,0.9624657466,-0.2713998075,-0.001353211275,4095284.558,-0.00107753651,-0.00880711748,0.999960636,18.30136752
1544579345507113548,-0.2714845387,-0.9624017992,-0.008883814888,335907.2409,0.9624420069,-0.2714846066,-0.00122136774,4095284.819,-0.001236372479,-0.008881739087,0.9999597922,18.30148848
1544579345517310647,-0.2714675351,-0.962407089,-0.008830198586,335907.1673,0.9624467603,-0.2714679728,-0.00117190755,4095285.079,-0.001269263976,-0.008816730875,0.9999603263,18.30155925
1544579345527508029,-0.2714503821,-0.9624122269,-0.008797480274,335907.0938,0.9624515154,-0.2714514196,-0.001098765914,4095285.34,-0.001330622759,-0.008765408649,0.9999606978,18.30161585
1544579345537717370,-0.2714898135,-0.9624011341,-0.008794214574,335907.0202,0.9624400584,-0.2714928803,-0.0008660356181,4095285.6,-0.001554092983,-0.008699024236,0.9999609551,18.30163796
1544579345547910519,-0.2715378468,-0.9623866372,-0.008897100141,335906.9464,0.9624262574,-0.2715421674,-0.000741853962,4095285.861,-0.001701987516,-0.008764244218,0.9999601448,18.30159601
1544579345558110038,-0.2715608167,-0.9623788893,-0.009033062441,335906.8727,0.9624193283,-0.271567213,-0.000534258016,4095286.122,-0.001938924956,-0.00883867743,0.9999590583,18.3014952
1544579345568305230,-0.2715536837,-0.9623774838,-0.009390185495,335906.799,0.9624211415,-0.2715607862,-0.0005346134398,4095286.383,-0.002035506218,-0.009182489292,0.9999557683,18.30132812
1544579345578515187,-0.2715627046,-0.962373754,-0.009510788585,335906.7252,0.962418352,-0.271570822,-0.0004520311717,4095286.644,-0.002147829738,-0.009276112283,0.9999546693,18.30111799
1544579345588715855,-0.2716004914,-0.9623630511,-0.00951477947,335906.6514,0.9624077077,-0.2716085246,-0.0004622183746,4095286.905,-0.002139473328,-0.009282635836,0.9999546266,18.30087201
1544579345598912030,-0.2715664043,-0.962371885,-0.009593907991,335906.5777,0.9624172171,-0.2715748742,-0.0004335571018,4095287.166,-0.00218822119,-0.009351081773,0.9999538834,18.30062518
1544579345609108583,-0.2715019915,-0.9623889426,-0.009705244015,335906.5041,0.9624347999,-0.2715128218,-0.0002088863789,4095287.426,-0.002434068248,-0.009397377648,0.9999528812,18.3003527
1544579345619317215,-0.2715549834,-0.9623720871,-0.009892271519,335906.4303,0.9624192399,-0.2715680507,-2.314558441e-05,4095287.688,-0.002664150229,-0.009526797735,0.99995107,18.2999886
1544579345629523214,-0.2716309091,-0.9623489438,-0.01005781282,335906.3564,0.9623980613,-0.2716430458,-0.0001652560295,4095287.949,-0.002573100943,-0.009724508205,0.9999494053,18.2995525
1544579345639721686,-0.2715584639,-0.9623690579,-0.01008945609,335906.2827,0.9624190434,-0.271568466,-0.0003913300855,4095288.21,-0.002363374147,-0.009816553675,0.9999490236,18.29914939
1544579345649926875,-0.271536154,-0.9623753492,-0.01008981466,335906.209,0.9624256326,-0.2715448993,-0.0005190942831,4095288.471,-0.002240274163,-0.009851649121,0.9999489618,18.29878218
1544579345660118729,-0.2716264103,-0.9623487417,-0.0101976776,335906.1353,0.9624005181,-0.2716334515,-0.0007146483544,4095288.731,-0.00208228942,-0.01000836757,0.999947747,18.29844408
1544579345670310102,-0.2715977341,-0.96235642,-0.01023678612,335906.0617,0.9624088445,-0.2716035894,-0.0008404537926,4095288.992,-0.001971531751,-0.01008023884,0.9999472496,18.29813748
1544579345680514521,-0.2715060315,-0.9623823832,-0.01022855519,335905.9879,0.9624348922,-0.271510992,-0.0009270717125,4095289.253,-0.001884967681,-0.01009602397,0.9999472572,18.29784965
1544579345690717991,-0.2715007199,-0.9623853272,-0.01009163773,335905.9143,0.9624364647,-0.2715054146,-0.0009280757685,4095289.514,-0.001846767784,-0.009964533379,0.9999486475,18.29757717
1544579345700916796,-0.2715335707,-0.9623772637,-0.009976092894,335905.8407,0.9624275107,-0.2715366147,-0.001074001288,4095289.774,-0.001675280071,-0.009892893655,0.9999496608,18.29729159
1544579345711115445,-0.2715265137,-0.9623801042,-0.009893811397,335905.767,0.9624302046,-0.2715248314,-0.001538603969,4095290.035,-0.001205693623,-0.009939874698,0.9999498714,18.29704519
1544579345721311294,-0.2714784036,-0.9623960583,-0.009659367886,335905.6933,0.9624441545,-0.271473509,-0.001839423139,4095290.296,-0.0008520089158,-0.009795965814,0.9999516554,18.29693735
1544579345731507572,-0.2714682208,-0.9623986782,-0.009684488083,335905.6196,0.9624472101,-0.2714608062,-0.002097244615,4095290.557,-0.0006105734965,-0.009890143801,0.9999509049,18.29689571
1544579345741712515,-0.2714860882,-0.962392524,-0.009794580992,335905.546,0.9624422176,-0.2714775994,-0.002211504982,4095290.818,-0.0005306734735,-0.01002711109,0.9999495865,18.29692553
1544579345751908911,-0.2713939791,-0.9624189024,-0.00975522663,335905.4723,0.9624682187,-0.2713851213,-0.002245881242,4095291.079,-0.0004859448026,-0.009998614244,0.9999498946,18.29694814
1544579345762105706,-0.2713024676,-0.9624481991,-0.009403995536,335905.3987,0.9624940887,-0.2712927199,-0.00232152129,4095291.34,-0.000316891542,-0.009681124567,0.9999530866,18.29697696
1544579345772308010,-0.2713973821,-0.9624234657,-0.009194218304,335905.3251,0.9624673817,-0.2713851169,-0.002580210158,4095291.601,-1.191920689e-05,-0.0095493975,0.9999544034,18.29703878
1544579345782518080,-0.2714504647,-0.9624072918,-0.009319332221,335905.2515,0.9624523209,-0.2714335009,-0.003063441256,4095291.862,0.0004186992321,-0.009800985477,0.9999518816,18.29717515
1544579345792720685,-0.2713895435,-0.9624235667,-0.009412434565,335905.1778,0.9624693003,-0.271368869,-0.003432615674,4095292.122,0.0007493884977,-0.00999075531,0.9999498104,18.29742576
1544579345802916417,-0.2713831537,-0.9624283188,-0.009105772059,335905.1041,0.9624710659,-0.2713631055,-0.003392991844,4095292.384,0.0007945408529,-0.009684842965,0.9999527852,18.29775815
1544579345813107722,-0.2713512694,-0.9624397544,-0.00884352044,335905.0305,0.9624800847,-0.2713324913,-0.003281105871,4095292.645,0.0007583322953,-0.009402044545,0.9999555123,18.29808274
1544579345823318987,-0.2712934412,-0.9624547748,-0.008981940635,335904.9569,0.9624964135,-0.2712745415,-0.003282858067,4095292.906,0.0007230305947,-0.009535703508,0.9999542728,18.29838818
1544579345833517405,-0.2713242215,-0.9624446148,-0.009139490971,335904.8833,0.962487692,-0.271304197,-0.003387538173,4095293.167,0.0007807356138,-0.009715768728,0.999952496,18.29867099
1544579345843708322,-0.2713589148,-0.9624353997,-0.009079687869,335904.8097,0.9624778327,-0.2713381789,-0.003466154304,4095293.428,0.000872283632,-0.009679570172,0.9999527714,18.2989624
1544579345853922179,-0.2713449755,-0.9624400432,-0.009003748122,335904.7359,0.9624815036,-0.2713220101,-0.003704334377,4095293.689,0.001122284698,-0.009671093551,0.9999526041,18.29926504
1544579345864126169,-0.2713591964,-0.9624366646,-0.008936069165,335904.6622,0.9624771128,-0.2713335872,-0.003986455844,4095293.95,0.001412055563,-0.009682523503,0.9999521263,18.2996293
1544579345874308884,-0.2713521571,-0.9624392572,-0.008870355966,335904.5885,0.9624789698,-0.2713259751,-0.004055614094,4095294.212,0.001496524234,-0.009638030704,0.9999524333,18.3000652
1544579345884518571,-0.2713374308,-0.9624429398,-0.008921119586,335904.5148,0.9624832051,-0.2713115866,-0.004012848985,4095294.473,0.001441735065,-0.009675263905,0.9999521542,18.30051151
1544579345894725417,-0.2713676881,-0.9624346027,-0.008900188043,335904.4411,0.9624747349,-0.2713423388,-0.003964828448,4095294.735,0.001400890254,-0.009642132456,0.9999525323,18.30093009
1544579345904923327,-0.2713005868,-0.9624549511,-0.008744070362,335904.3679,0.9624937455,-0.2712765319,-0.003851370746,4095294.994,0.001334709761,-0.009460992177,0.9999543531,18.30135471
1544579345915121507,-0.2712618555,-0.9624671003,-0.008607354306,335904.2948,0.9625045699,-0.2712377187,-0.003879813465,4095295.253,0.001399553669,-0.009337063253,0.9999554293,18.30176158
1544579345925330413,-0.2714161092,-0.9624253288,-0.008413216273,335904.2213,0.9624610003,-0.2713922097,-0.003884759276,4095295.514,0.001455509369,-0.009151778798,0.9999570623,18.3021882
1544579345935562982,-0.2714926055,-0.9624022,-0.00858898339,335904.1482,0.96243879,-0.271464357,-0.004321861228,4095295.773,0.001827765901,-0.009439724146,0.9999537744,18.30262612
1544579345945731583,-0.2714077654,-0.9624277126,-0.008409690977,335904.0747,0.962462609,-0.2713797765,-0.004329336202,4095296.034,0.00188445308,-0.009269028582,0.999955266,18.30316758
1544579345955934086,-0.2713790647,-0.9624397368,-0.007947100071,335904.0016,0.9624709464,-0.2713543047,-0.00406433188,4095296.293,0.001755194691,-0.00875182751,0.9999601616,18.3037199
1544579345966125227,-0.2714320184,-0.9624266741,-0.007717275538,335903.9284,0.9624565016,-0.2714107857,-0.003697026522,4095296.552,0.001463565122,-0.008431033387,0.9999633872,18.30423547
1544579345976327563,-0.2714469242,-0.9624193484,-0.008097234726,335903.8552,0.9624524562,-0.2714252008,-0.00369187398,4095296.812,0.001355337389,-0.008795351286,0.9999604017,18.30467448
1544579345986536482,-0.2714897683,-0.962406788,-0.008153539282,335903.782,0.9624407263,-0.2714704004,-0.003416151024,4095297.072,0.001074282361,-0.008774748318,0.9999609241,18.30508078
1544579345996729086,-0.2715512758,-0.9623916965,-0.007882079693,335903.7086,0.9624235723,-0.2715345784,-0.003136917009,4095297.332,0.0008786856959,-0.008437733111,0.9999640157,18.30541077
1544579346006966402,-0.2715685937,-0.9623882725,-0.007701420145,335903.6353,0.9624187632,-0.2715532432,-0.002993405066,4095297.591,0.0007894723128,-0.008224906054,0.9999658633,18.3056855
1544579346017134498,-0.271625707,-0.962370056,-0.007959319636,335903.5619,0.9624025992,-0.2716090599,-0.003123419258,4095297.852,0.0008440618424,-0.008508470869,0.9999634461,18.30594146
1544579346027326542,-0.2717082571,-0.9623468121,-0.007952126451,335903.4884,0.9623793966,-0.2716927121,-0.002994558428,4095298.112,0.0007212689543,-0.008466608906,0.9999638976,18.30621201
1544579346037516003,-0.2717366812,-0.9623405915,-0.007730600326,335903.4151,0.9623715446,-0.2717242833,-0.002631373177,4095298.372,0.0004316853866,-0.008154750389,0.9999666564,18.30644158
1544579346047726615,-0.2717660708,-0.9623309644,-0.007894168307,335903.3418,0.9623633188,-0.2717551022,-0.002450959994,4095298.631,0.0002133541799,-0.008263145778,0.9999658369,18.30659639
1544579346057924420,-0.271814609,-0.9623164818,-0.007987942569,335903.2684,0.9623496332,-0.2718056351,-0.002209170701,4095298.891,-4.524642643e-05,-0.00828767847,0.9999656557,18.30668632
1544579346068132744,-0.2718728005,-0.9623011603,-0.007852217164,335903.1949,0.9623331745,-0.2718654752,-0.002006180065,4095299.151,-0.0002041973456,-0.008101874862,0.9999671585,18.30671016
1544579346078329439,-0.2719430535,-0.9622820173,-0.007764984781,335903.1214,0.9623132937,-0.2719368447,-0.001864790437,4095299.411,-0.000317131157,-0.007979464884,0.9999681134,18.3066809
